1700
1701
1702
1703
1704 pr.
1705
1706
1707
1708 pr.
1709
1710
1711
1712 pr.
1713
1714
1715
1716 pr.
1717
1718
1719
1720 pr.
1721
1722
1723
1724 pr.
1725
1726
1727
1728 pr.
1729
1730
1731
1732 pr.
1733
1734
1735
1736 pr.
1737
1738
1739
1740 pr.
1741
1742
1743
1744 pr.
1745
1746
1747
1748 pr.
1749
1750
1751
1752 pr.
1753
1754
1755
1756 pr.
1757
1758
1759
1760 pr.
1761
1762
1763
1764 pr.
1765
1766
1767
1768 pr.
1769
1770
1771
1772 pr.
1773
1774
1775
1776 pr.
1777
1778
1779
1780 pr.
1781
1782
1783
1784 pr.
1785
1786
1787
1788 pr.
1789
1790
1791
1792 pr.
1793
1794
1795
1796 pr.
1797
1798
1799
1800
1801
1802
1803
1804 pr.
1805
1806
1807
1808 pr.
1809
1810
1811
1812 pr.
1813
1814
1815
1816 pr.
1817
1818
1819
1820 pr.
1821
1822
1823
1824 pr.
1825
1826
1827
1828 pr.
1829
1830
1831
1832 pr.
1833
1834
1835
1836 pr.
1837
1838
1839
1840 pr.
1841
1842
1843
1844 pr.
1845
1846
1847
1848 pr.
1849
1850
1851
1852 pr.
1853
1854
1855
1856 pr.
1857
1858
1859
1860 pr.
1861
1862
1863
1864 pr.
1865
1866
1867
1868 pr.
1869
1870
1871
1872 pr.
1873
1874
1875
1876 pr.
1877
1878
1879
1880 pr.
1881
1882
1883
1884 pr.
1885
1886
1887
1888 pr.
1889
1890
1891
1892 pr.
1893
1894
1895
1896 pr.
1897
1898
1899
1900
1901
1902
1903
1904 pr.
1905
1906
1907
1908 pr.
1909
1910
1911
1912 pr.
1913
1914
1915
1916 pr.
1917
1918
1919
1920 pr.
1921
1922
1923
1924 pr.
1925
1926
1927
1928 pr.
1929
1930
1931
1932 pr.
1933
1934
1935
1936 pr.
1937
1938
1939
1940 pr.
1941
1942
1943
1944 pr.
1945
1946
1947
1948 pr.
1949
1950
1951
1952 pr.
1953
1954
1955
1956 pr.
1957
1958
1959
1960 pr.
1961
1962
1963
1964 pr.
1965
1966
1967
1968 pr.
1969
1970
1971
1972 pr.
1973
1974
1975
1976 pr.
1977
1978
1979
1980 pr.
1981
1982
1983
1984 pr.
1985
1986
1987
1988 pr.
1989
1990
1991
1992 pr.
1993
1994
1995
1996 pr.
1997
1998
1999
2000 pr.
2001
2002
2003
2004 pr.
2005
2006
2007
2008 pr.
2009
2010
2011
2012 pr.
2013
2014
2015
2016 pr.
2017
2018
2019
2020 pr.
2021
2022
2023
2024 pr.
2025
2026
2027
2028 pr.
2029
2030
2031
2032 pr.
2033
2034
2035
2036 pr.
2037
2038
2039
2040 pr.
2041
2042
2043
2044 pr.
2045
2046
2047
2048 pr.
2049
2050
2051
2052 pr.
2053
2054
2055
2056 pr.
2057
2058
2059
2060 pr.
2061
2062
2063
2064 pr.
2065
2066
2067
2068 pr.
2069
2070
2071
2072 pr.
2073
2074
2075
2076 pr.
2077
2078
2079
2080 pr.
2081
2082
2083
2084 pr.
2085
2086
2087
2088 pr.
2089
2090
2091
2092 pr.
2093
2094
2095
2096 pr.
2097
2098
2099
2100
2101
2102
2103
2104 pr.
2105
2106
2107
2108 pr.
2109
2110
2111
2112 pr.
2113
2114
2115
2116 pr.
2117
2118
2119
2120 pr.
2121
2122
2123
2124 pr.
2125
2126
2127
2128 pr.
2129
2130
2131
2132 pr.
2133
2134
2135
2136 pr.
2137
2138
2139
2140 pr.
2141
2142
2143
2144 pr.
2145
2146
2147
2148 pr.
2149
2150
2151
2152 pr.
2153
2154
2155
2156 pr.
2157
2158
2159
2160 pr.
2161
2162
2163
2164 pr.
2165
2166
2167
2168 pr.
2169
2170
2171
2172 pr.
2173
2174
2175
2176 pr.
2177
2178
2179
2180 pr.
2181
2182
2183
2184 pr.
2185
2186
2187
2188 pr.
2189
2190
2191
2192 pr.
2193
2194
2195
2196 pr.
2197
2198
2199
------------------------------------
500 # pocet let
182500 # pocet dnu, bez niceho ( jenom roky * 365 )

182621 # celkem dnu se spravnym zapoctem vsech prestupnych a neprestupnych let
182621.1 # pocet let krat presna delka roku tj. 365.2422

