1700
1701
1702
1703
1704 pr.
1705
1706
1707
1708 pr.
1709
1710
1711
1712 pr.
1713
1714
1715
1716 pr.
1717
1718
1719
1720 pr.
1721
1722
1723
1724 pr.
1725
1726
1727
1728 pr.
1729
1730
1731
1732 pr.
1733
1734
1735
1736 pr.
1737
1738
1739
1740 pr.
1741
1742
1743
1744 pr.
1745
1746
1747
1748 pr.
1749
1750
1751
1752 pr.
1753
1754
1755
1756 pr.
1757
1758
1759
1760 pr.
1761
1762
1763
1764 pr.
1765
1766
1767
1768 pr.
1769
1770
1771
1772 pr.
1773
1774
1775
1776 pr.
1777
1778
1779
1780 pr.
1781
1782
1783
1784 pr.
1785
1786
1787
1788 pr.
1789
1790
1791
1792 pr.
1793
1794
1795
1796 pr.
1797
1798
1799
1800
1801
1802
1803
1804 pr.
1805
1806
1807
1808 pr.
1809
1810
1811
1812 pr.
1813
1814
1815
1816 pr.
1817
1818
1819
1820 pr.
1821
1822
1823
1824 pr.
1825
1826
1827
1828 pr.
1829
1830
1831
1832 pr.
1833
1834
1835
1836 pr.
1837
1838
1839
1840 pr.
1841
1842
1843
1844 pr.
1845
1846
1847
1848 pr.
1849
1850
1851
1852 pr.
1853
1854
1855
1856 pr.
1857
1858
1859
1860 pr.
1861
1862
1863
1864 pr.
1865
1866
1867
1868 pr.
1869
1870
1871
1872 pr.
1873
1874
1875
1876 pr.
1877
1878
1879
1880 pr.
1881
1882
1883
1884 pr.
1885
1886
1887
1888 pr.
1889
1890
1891
1892 pr.
1893
1894
1895
1896 pr.
1897
1898
1899
1900
1901
1902
1903
1904 pr.
1905
1906
1907
1908 pr.
1909
1910
1911
1912 pr.
1913
1914
1915
1916 pr.
1917
1918
1919
1920 pr.
1921
1922
1923
1924 pr.
1925
1926
1927
1928 pr.
1929
1930
1931
1932 pr.
1933
1934
1935
1936 pr.
1937
1938
1939
1940 pr.
1941
1942
1943
1944 pr.
1945
1946
1947
1948 pr.
1949
1950
1951
1952 pr.
1953
1954
1955
1956 pr.
1957
1958
1959
1960 pr.
1961
1962
1963
1964 pr.
1965
1966
1967
1968 pr.
1969
1970
1971
1972 pr.
1973
1974
1975
1976 pr.
1977
1978
1979
1980 pr.
1981
1982
1983
1984 pr.
1985
1986
1987
1988 pr.
1989
1990
1991
1992 pr.
1993
1994
1995
1996 pr.
1997
1998
1999
2000 pr.
2001
2002
2003
2004 pr.
2005
2006
2007
2008 pr.
2009
2010
2011
2012 pr.
2013
2014
2015
2016 pr.
2017
2018
2019
2020 pr.
2021
2022
2023
2024 pr.
2025
2026
2027
2028 pr.
2029
2030
2031
2032 pr.
2033
2034
2035
2036 pr.
2037
2038
2039
2040 pr.
2041
2042
2043
2044 pr.
2045
2046
2047
2048 pr.
2049
2050
2051
2052 pr.
2053
2054
2055
2056 pr.
2057
2058
2059
2060 pr.
2061
2062
2063
2064 pr.
2065
2066
2067
2068 pr.
2069
2070
2071
2072 pr.
2073
2074
2075
2076 pr.
2077
2078
2079
2080 pr.
2081
2082
2083
2084 pr.
2085
2086
2087
2088 pr.
2089
2090
2091
2092 pr.
2093
2094
2095
2096 pr.
2097
2098
2099
2100
2101
2102
2103
2104 pr.
2105
2106
2107
2108 pr.
2109
2110
2111
2112 pr.
2113
2114
2115
2116 pr.
2117
2118
2119
2120 pr.
2121
2122
2123
2124 pr.
2125
2126
2127
2128 pr.
2129
2130
2131
2132 pr.
2133
2134
2135
2136 pr.
2137
2138
2139
2140 pr.
2141
2142
2143
2144 pr.
2145
2146
2147
2148 pr.
2149
2150
2151
2152 pr.
2153
2154
2155
2156 pr.
2157
2158
2159
2160 pr.
2161
2162
2163
2164 pr.
2165
2166
2167
2168 pr.
2169
2170
2171
2172 pr.
2173
2174
2175
2176 pr.
2177
2178
2179
2180 pr.
2181
2182
2183
2184 pr.
2185
2186
2187
2188 pr.
2189
2190
2191
2192 pr.
2193
2194
2195
2196 pr.
2197
2198
2199
2200
2201
2202
2203
2204 pr.
2205
2206
2207
2208 pr.
2209
2210
2211
2212 pr.
2213
2214
2215
2216 pr.
2217
2218
2219
2220 pr.
2221
2222
2223
2224 pr.
2225
2226
2227
2228 pr.
2229
2230
2231
2232 pr.
2233
2234
2235
2236 pr.
2237
2238
2239
2240 pr.
2241
2242
2243
2244 pr.
2245
2246
2247
2248 pr.
2249
2250
2251
2252 pr.
2253
2254
2255
2256 pr.
2257
2258
2259
2260 pr.
2261
2262
2263
2264 pr.
2265
2266
2267
2268 pr.
2269
2270
2271
2272 pr.
2273
2274
2275
2276 pr.
2277
2278
2279
2280 pr.
2281
2282
2283
2284 pr.
2285
2286
2287
2288 pr.
2289
2290
2291
2292 pr.
2293
2294
2295
2296 pr.
2297
2298
2299
2300
2301
2302
2303
2304 pr.
2305
2306
2307
2308 pr.
2309
2310
2311
2312 pr.
2313
2314
2315
2316 pr.
2317
2318
2319
2320 pr.
2321
2322
2323
2324 pr.
2325
2326
2327
2328 pr.
2329
2330
2331
2332 pr.
2333
2334
2335
2336 pr.
2337
2338
2339
2340 pr.
2341
2342
2343
2344 pr.
2345
2346
2347
2348 pr.
2349
2350
2351
2352 pr.
2353
2354
2355
2356 pr.
2357
2358
2359
2360 pr.
2361
2362
2363
2364 pr.
2365
2366
2367
2368 pr.
2369
2370
2371
2372 pr.
2373
2374
2375
2376 pr.
2377
2378
2379
2380 pr.
2381
2382
2383
2384 pr.
2385
2386
2387
2388 pr.
2389
2390
2391
2392 pr.
2393
2394
2395
2396 pr.
2397
2398
2399
2400 pr.
2401
2402
2403
2404 pr.
2405
2406
2407
2408 pr.
2409
2410
2411
2412 pr.
2413
2414
2415
2416 pr.
2417
2418
2419
2420 pr.
2421
2422
2423
2424 pr.
2425
2426
2427
2428 pr.
2429
2430
2431
2432 pr.
2433
2434
2435
2436 pr.
2437
2438
2439
2440 pr.
2441
2442
2443
2444 pr.
2445
2446
2447
2448 pr.
2449
2450
2451
2452 pr.
2453
2454
2455
2456 pr.
2457
2458
2459
2460 pr.
2461
2462
2463
2464 pr.
2465
2466
2467
2468 pr.
2469
2470
2471
2472 pr.
2473
2474
2475
2476 pr.
2477
2478
2479
2480 pr.
2481
2482
2483
2484 pr.
2485
2486
2487
2488 pr.
2489
2490
2491
2492 pr.
2493
2494
2495
2496 pr.
2497
2498
2499
2500
2501
2502
2503
2504 pr.
2505
2506
2507
2508 pr.
2509
2510
2511
2512 pr.
2513
2514
2515
2516 pr.
2517
2518
2519
2520 pr.
2521
2522
2523
2524 pr.
2525
2526
2527
2528 pr.
2529
2530
2531
2532 pr.
2533
2534
2535
2536 pr.
2537
2538
2539
2540 pr.
2541
2542
2543
2544 pr.
2545
2546
2547
2548 pr.
2549
2550
2551
2552 pr.
2553
2554
2555
2556 pr.
2557
2558
2559
2560 pr.
2561
2562
2563
2564 pr.
2565
2566
2567
2568 pr.
2569
2570
2571
2572 pr.
2573
2574
2575
2576 pr.
2577
2578
2579
2580 pr.
2581
2582
2583
2584 pr.
2585
2586
2587
2588 pr.
2589
2590
2591
2592 pr.
2593
2594
2595
2596 pr.
2597
2598
2599
2600
2601
2602
2603
2604 pr.
2605
2606
2607
2608 pr.
2609
2610
2611
2612 pr.
2613
2614
2615
2616 pr.
2617
2618
2619
2620 pr.
2621
2622
2623
2624 pr.
2625
2626
2627
2628 pr.
2629
2630
2631
2632 pr.
2633
2634
2635
2636 pr.
2637
2638
2639
2640 pr.
2641
2642
2643
2644 pr.
2645
2646
2647
2648 pr.
2649
2650
2651
2652 pr.
2653
2654
2655
2656 pr.
2657
2658
2659
2660 pr.
2661
2662
2663
2664 pr.
2665
2666
2667
2668 pr.
2669
2670
2671
2672 pr.
2673
2674
2675
2676 pr.
2677
2678
2679
2680 pr.
2681
2682
2683
2684 pr.
2685
2686
2687
2688 pr.
2689
2690
2691
2692 pr.
2693
2694
2695
2696 pr.
2697
2698
2699
2700
2701
2702
2703
2704 pr.
2705
2706
2707
2708 pr.
2709
2710
2711
2712 pr.
2713
2714
2715
2716 pr.
2717
2718
2719
2720 pr.
2721
2722
2723
2724 pr.
2725
2726
2727
2728 pr.
2729
2730
2731
2732 pr.
2733
2734
2735
2736 pr.
2737
2738
2739
2740 pr.
2741
2742
2743
2744 pr.
2745
2746
2747
2748 pr.
2749
2750
2751
2752 pr.
2753
2754
2755
2756 pr.
2757
2758
2759
2760 pr.
2761
2762
2763
2764 pr.
2765
2766
2767
2768 pr.
2769
2770
2771
2772 pr.
2773
2774
2775
2776 pr.
2777
2778
2779
2780 pr.
2781
2782
2783
2784 pr.
2785
2786
2787
2788 pr.
2789
2790
2791
2792 pr.
2793
2794
2795
2796 pr.
2797
2798
2799
2800 pr.
2801
2802
2803
2804 pr.
2805
2806
2807
2808 pr.
2809
2810
2811
2812 pr.
2813
2814
2815
2816 pr.
2817
2818
2819
2820 pr.
2821
2822
2823
2824 pr.
2825
2826
2827
2828 pr.
2829
2830
2831
2832 pr.
2833
2834
2835
2836 pr.
2837
2838
2839
2840 pr.
2841
2842
2843
2844 pr.
2845
2846
2847
2848 pr.
2849
2850
2851
2852 pr.
2853
2854
2855
2856 pr.
2857
2858
2859
2860 pr.
2861
2862
2863
2864 pr.
2865
2866
2867
2868 pr.
2869
2870
2871
2872 pr.
2873
2874
2875
2876 pr.
2877
2878
2879
2880 pr.
2881
2882
2883
2884 pr.
2885
2886
2887
2888 pr.
2889
2890
2891
2892 pr.
2893
2894
2895
2896 pr.
2897
2898
2899
2900
2901
2902
2903
2904 pr.
2905
2906
2907
2908 pr.
2909
2910
2911
2912 pr.
2913
2914
2915
2916 pr.
2917
2918
2919
2920 pr.
2921
2922
2923
2924 pr.
2925
2926
2927
2928 pr.
2929
2930
2931
2932 pr.
2933
2934
2935
2936 pr.
2937
2938
2939
2940 pr.
2941
2942
2943
2944 pr.
2945
2946
2947
2948 pr.
2949
2950
2951
2952 pr.
2953
2954
2955
2956 pr.
2957
2958
2959
2960 pr.
2961
2962
2963
2964 pr.
2965
2966
2967
2968 pr.
2969
2970
2971
2972 pr.
2973
2974
2975
2976 pr.
2977
2978
2979
2980 pr.
2981
2982
2983
2984 pr.
2985
2986
2987
2988 pr.
2989
2990
2991
2992 pr.
2993
2994
2995
2996 pr.
2997
2998
2999
3000
3001
3002
3003
3004 pr.
3005
3006
3007
3008 pr.
3009
3010
3011
3012 pr.
3013
3014
3015
3016 pr.
3017
3018
3019
3020 pr.
3021
3022
3023
3024 pr.
3025
3026
3027
3028 pr.
3029
3030
3031
3032 pr.
3033
3034
3035
3036 pr.
3037
3038
3039
3040 pr.
3041
3042
3043
3044 pr.
3045
3046
3047
3048 pr.
3049
3050
3051
3052 pr.
3053
3054
3055
3056 pr.
3057
3058
3059
3060 pr.
3061
3062
3063
3064 pr.
3065
3066
3067
3068 pr.
3069
3070
3071
3072 pr.
3073
3074
3075
3076 pr.
3077
3078
3079
3080 pr.
3081
3082
3083
3084 pr.
3085
3086
3087
3088 pr.
3089
3090
3091
3092 pr.
3093
3094
3095
3096 pr.
3097
3098
3099
3100
3101
3102
3103
3104 pr.
3105
3106
3107
3108 pr.
3109
3110
3111
3112 pr.
3113
3114
3115
3116 pr.
3117
3118
3119
3120 pr.
3121
3122
3123
3124 pr.
3125
3126
3127
3128 pr.
3129
3130
3131
3132 pr.
3133
3134
3135
3136 pr.
3137
3138
3139
3140 pr.
3141
3142
3143
3144 pr.
3145
3146
3147
3148 pr.
3149
3150
3151
3152 pr.
3153
3154
3155
3156 pr.
3157
3158
3159
3160 pr.
3161
3162
3163
3164 pr.
3165
3166
3167
3168 pr.
3169
3170
3171
3172 pr.
3173
3174
3175
3176 pr.
3177
3178
3179
3180 pr.
3181
3182
3183
3184 pr.
3185
3186
3187
3188 pr.
3189
3190
3191
3192 pr.
3193
3194
3195
3196 pr.
3197
3198
3199
3200 pr.
3201
3202
3203
3204 pr.
3205
3206
3207
3208 pr.
3209
3210
3211
3212 pr.
3213
3214
3215
3216 pr.
3217
3218
3219
3220 pr.
3221
3222
3223
3224 pr.
3225
3226
3227
3228 pr.
3229
3230
3231
3232 pr.
3233
3234
3235
3236 pr.
3237
3238
3239
3240 pr.
3241
3242
3243
3244 pr.
3245
3246
3247
3248 pr.
3249
3250
3251
3252 pr.
3253
3254
3255
3256 pr.
3257
3258
3259
3260 pr.
3261
3262
3263
3264 pr.
3265
3266
3267
3268 pr.
3269
3270
3271
3272 pr.
3273
3274
3275
3276 pr.
3277
3278
3279
3280 pr.
3281
3282
3283
3284 pr.
3285
3286
3287
3288 pr.
3289
3290
3291
3292 pr.
3293
3294
3295
3296 pr.
3297
3298
3299
3300
3301
3302
3303
3304 pr.
3305
3306
3307
3308 pr.
3309
3310
3311
3312 pr.
3313
3314
3315
3316 pr.
3317
3318
3319
3320 pr.
3321
3322
3323
3324 pr.
3325
3326
3327
3328 pr.
3329
3330
3331
3332 pr.
3333
3334
3335
3336 pr.
3337
3338
3339
3340 pr.
3341
3342
3343
3344 pr.
3345
3346
3347
3348 pr.
3349
3350
3351
3352 pr.
3353
3354
3355
3356 pr.
3357
3358
3359
3360 pr.
3361
3362
3363
3364 pr.
3365
3366
3367
3368 pr.
3369
3370
3371
3372 pr.
3373
3374
3375
3376 pr.
3377
3378
3379
3380 pr.
3381
3382
3383
3384 pr.
3385
3386
3387
3388 pr.
3389
3390
3391
3392 pr.
3393
3394
3395
3396 pr.
3397
3398
3399
3400
3401
3402
3403
3404 pr.
3405
3406
3407
3408 pr.
3409
3410
3411
3412 pr.
3413
3414
3415
3416 pr.
3417
3418
3419
3420 pr.
3421
3422
3423
3424 pr.
3425
3426
3427
3428 pr.
3429
3430
3431
3432 pr.
3433
3434
3435
3436 pr.
3437
3438
3439
3440 pr.
3441
3442
3443
3444 pr.
3445
3446
3447
3448 pr.
3449
3450
3451
3452 pr.
3453
3454
3455
3456 pr.
3457
3458
3459
3460 pr.
3461
3462
3463
3464 pr.
3465
3466
3467
3468 pr.
3469
3470
3471
3472 pr.
3473
3474
3475
3476 pr.
3477
3478
3479
3480 pr.
3481
3482
3483
3484 pr.
3485
3486
3487
3488 pr.
3489
3490
3491
3492 pr.
3493
3494
3495
3496 pr.
3497
3498
3499
3500
3501
3502
3503
3504 pr.
3505
3506
3507
3508 pr.
3509
3510
3511
3512 pr.
3513
3514
3515
3516 pr.
3517
3518
3519
3520 pr.
3521
3522
3523
3524 pr.
3525
3526
3527
3528 pr.
3529
3530
3531
3532 pr.
3533
3534
3535
3536 pr.
3537
3538
3539
3540 pr.
3541
3542
3543
3544 pr.
3545
3546
3547
3548 pr.
3549
3550
3551
3552 pr.
3553
3554
3555
3556 pr.
3557
3558
3559
3560 pr.
3561
3562
3563
3564 pr.
3565
3566
3567
3568 pr.
3569
3570
3571
3572 pr.
3573
3574
3575
3576 pr.
3577
3578
3579
3580 pr.
3581
3582
3583
3584 pr.
3585
3586
3587
3588 pr.
3589
3590
3591
3592 pr.
3593
3594
3595
3596 pr.
3597
3598
3599
3600 pr.
3601
3602
3603
3604 pr.
3605
3606
3607
3608 pr.
3609
3610
3611
3612 pr.
3613
3614
3615
3616 pr.
3617
3618
3619
3620 pr.
3621
3622
3623
3624 pr.
3625
3626
3627
3628 pr.
3629
3630
3631
3632 pr.
3633
3634
3635
3636 pr.
3637
3638
3639
3640 pr.
3641
3642
3643
3644 pr.
3645
3646
3647
3648 pr.
3649
3650
3651
3652 pr.
3653
3654
3655
3656 pr.
3657
3658
3659
3660 pr.
3661
3662
3663
3664 pr.
3665
3666
3667
3668 pr.
3669
3670
3671
3672 pr.
3673
3674
3675
3676 pr.
3677
3678
3679
3680 pr.
3681
3682
3683
3684 pr.
3685
3686
3687
3688 pr.
3689
3690
3691
3692 pr.
3693
3694
3695
3696 pr.
3697
3698
3699
3700
3701
3702
3703
3704 pr.
3705
3706
3707
3708 pr.
3709
3710
3711
3712 pr.
3713
3714
3715
3716 pr.
3717
3718
3719
3720 pr.
3721
3722
3723
3724 pr.
3725
3726
3727
3728 pr.
3729
3730
3731
3732 pr.
3733
3734
3735
3736 pr.
3737
3738
3739
3740 pr.
3741
3742
3743
3744 pr.
3745
3746
3747
3748 pr.
3749
3750
3751
3752 pr.
3753
3754
3755
3756 pr.
3757
3758
3759
3760 pr.
3761
3762
3763
3764 pr.
3765
3766
3767
3768 pr.
3769
3770
3771
3772 pr.
3773
3774
3775
3776 pr.
3777
3778
3779
3780 pr.
3781
3782
3783
3784 pr.
3785
3786
3787
3788 pr.
3789
3790
3791
3792 pr.
3793
3794
3795
3796 pr.
3797
3798
3799
3800
3801
3802
3803
3804 pr.
3805
3806
3807
3808 pr.
3809
3810
3811
3812 pr.
3813
3814
3815
3816 pr.
3817
3818
3819
3820 pr.
3821
3822
3823
3824 pr.
3825
3826
3827
3828 pr.
3829
3830
3831
3832 pr.
3833
3834
3835
3836 pr.
3837
3838
3839
3840 pr.
3841
3842
3843
3844 pr.
3845
3846
3847
3848 pr.
3849
3850
3851
3852 pr.
3853
3854
3855
3856 pr.
3857
3858
3859
3860 pr.
3861
3862
3863
3864 pr.
3865
3866
3867
3868 pr.
3869
3870
3871
3872 pr.
3873
3874
3875
3876 pr.
3877
3878
3879
3880 pr.
3881
3882
3883
3884 pr.
3885
3886
3887
3888 pr.
3889
3890
3891
3892 pr.
3893
3894
3895
3896 pr.
3897
3898
3899
3900
3901
3902
3903
3904 pr.
3905
3906
3907
3908 pr.
3909
3910
3911
3912 pr.
3913
3914
3915
3916 pr.
3917
3918
3919
3920 pr.
3921
3922
3923
3924 pr.
3925
3926
3927
3928 pr.
3929
3930
3931
3932 pr.
3933
3934
3935
3936 pr.
3937
3938
3939
3940 pr.
3941
3942
3943
3944 pr.
3945
3946
3947
3948 pr.
3949
3950
3951
3952 pr.
3953
3954
3955
3956 pr.
3957
3958
3959
3960 pr.
3961
3962
3963
3964 pr.
3965
3966
3967
3968 pr.
3969
3970
3971
3972 pr.
3973
3974
3975
3976 pr.
3977
3978
3979
3980 pr.
3981
3982
3983
3984 pr.
3985
3986
3987
3988 pr.
3989
3990
3991
3992 pr.
3993
3994
3995
3996 pr.
3997
3998
3999
4000 pr.
4001
4002
4003
4004 pr.
4005
4006
4007
4008 pr.
4009
4010
4011
4012 pr.
4013
4014
4015
4016 pr.
4017
4018
4019
4020 pr.
4021
4022
4023
4024 pr.
4025
4026
4027
4028 pr.
4029
4030
4031
4032 pr.
4033
4034
4035
4036 pr.
4037
4038
4039
4040 pr.
4041
4042
4043
4044 pr.
4045
4046
4047
4048 pr.
4049
4050
4051
4052 pr.
4053
4054
4055
4056 pr.
4057
4058
4059
4060 pr.
4061
4062
4063
4064 pr.
4065
4066
4067
4068 pr.
4069
4070
4071
4072 pr.
4073
4074
4075
4076 pr.
4077
4078
4079
4080 pr.
4081
4082
4083
4084 pr.
4085
4086
4087
4088 pr.
4089
4090
4091
4092 pr.
4093
4094
4095
4096 pr.
4097
4098
4099
4100
4101
4102
4103
4104 pr.
4105
4106
4107
4108 pr.
4109
4110
4111
4112 pr.
4113
4114
4115
4116 pr.
4117
4118
4119
4120 pr.
4121
4122
4123
4124 pr.
4125
4126
4127
4128 pr.
4129
4130
4131
4132 pr.
4133
4134
4135
4136 pr.
4137
4138
4139
4140 pr.
4141
4142
4143
4144 pr.
4145
4146
4147
4148 pr.
4149
4150
4151
4152 pr.
4153
4154
4155
4156 pr.
4157
4158
4159
4160 pr.
4161
4162
4163
4164 pr.
4165
4166
4167
4168 pr.
4169
4170
4171
4172 pr.
4173
4174
4175
4176 pr.
4177
4178
4179
4180 pr.
4181
4182
4183
4184 pr.
4185
4186
4187
4188 pr.
4189
4190
4191
4192 pr.
4193
4194
4195
4196 pr.
4197
4198
4199
4200
4201
4202
4203
4204 pr.
4205
4206
4207
4208 pr.
4209
4210
4211
4212 pr.
4213
4214
4215
4216 pr.
4217
4218
4219
4220 pr.
4221
4222
4223
4224 pr.
4225
4226
4227
4228 pr.
4229
4230
4231
4232 pr.
4233
4234
4235
4236 pr.
4237
4238
4239
4240 pr.
4241
4242
4243
4244 pr.
4245
4246
4247
4248 pr.
4249
4250
4251
4252 pr.
4253
4254
4255
4256 pr.
4257
4258
4259
4260 pr.
4261
4262
4263
4264 pr.
4265
4266
4267
4268 pr.
4269
4270
4271
4272 pr.
4273
4274
4275
4276 pr.
4277
4278
4279
4280 pr.
4281
4282
4283
4284 pr.
4285
4286
4287
4288 pr.
4289
4290
4291
4292 pr.
4293
4294
4295
4296 pr.
4297
4298
4299
4300
4301
4302
4303
4304 pr.
4305
4306
4307
4308 pr.
4309
4310
4311
4312 pr.
4313
4314
4315
4316 pr.
4317
4318
4319
4320 pr.
4321
4322
4323
4324 pr.
4325
4326
4327
4328 pr.
4329
4330
4331
4332 pr.
4333
4334
4335
4336 pr.
4337
4338
4339
4340 pr.
4341
4342
4343
4344 pr.
4345
4346
4347
4348 pr.
4349
4350
4351
4352 pr.
4353
4354
4355
4356 pr.
4357
4358
4359
4360 pr.
4361
4362
4363
4364 pr.
4365
4366
4367
4368 pr.
4369
4370
4371
4372 pr.
4373
4374
4375
4376 pr.
4377
4378
4379
4380 pr.
4381
4382
4383
4384 pr.
4385
4386
4387
4388 pr.
4389
4390
4391
4392 pr.
4393
4394
4395
4396 pr.
4397
4398
4399
4400 pr.
4401
4402
4403
4404 pr.
4405
4406
4407
4408 pr.
4409
4410
4411
4412 pr.
4413
4414
4415
4416 pr.
4417
4418
4419
4420 pr.
4421
4422
4423
4424 pr.
4425
4426
4427
4428 pr.
4429
4430
4431
4432 pr.
4433
4434
4435
4436 pr.
4437
4438
4439
4440 pr.
4441
4442
4443
4444 pr.
4445
4446
4447
4448 pr.
4449
4450
4451
4452 pr.
4453
4454
4455
4456 pr.
4457
4458
4459
4460 pr.
4461
4462
4463
4464 pr.
4465
4466
4467
4468 pr.
4469
4470
4471
4472 pr.
4473
4474
4475
4476 pr.
4477
4478
4479
4480 pr.
4481
4482
4483
4484 pr.
4485
4486
4487
4488 pr.
4489
4490
4491
4492 pr.
4493
4494
4495
4496 pr.
4497
4498
4499
4500
4501
4502
4503
4504 pr.
4505
4506
4507
4508 pr.
4509
4510
4511
4512 pr.
4513
4514
4515
4516 pr.
4517
4518
4519
4520 pr.
4521
4522
4523
4524 pr.
4525
4526
4527
4528 pr.
4529
4530
4531
4532 pr.
4533
4534
4535
4536 pr.
4537
4538
4539
4540 pr.
4541
4542
4543
4544 pr.
4545
4546
4547
4548 pr.
4549
4550
4551
4552 pr.
4553
4554
4555
4556 pr.
4557
4558
4559
4560 pr.
4561
4562
4563
4564 pr.
4565
4566
4567
4568 pr.
4569
4570
4571
4572 pr.
4573
4574
4575
4576 pr.
4577
4578
4579
4580 pr.
4581
4582
4583
4584 pr.
4585
4586
4587
4588 pr.
4589
4590
4591
4592 pr.
4593
4594
4595
4596 pr.
4597
4598
4599
4600
4601
4602
4603
4604 pr.
4605
4606
4607
4608 pr.
4609
4610
4611
4612 pr.
4613
4614
4615
4616 pr.
4617
4618
4619
4620 pr.
4621
4622
4623
4624 pr.
4625
4626
4627
4628 pr.
4629
4630
4631
4632 pr.
4633
4634
4635
4636 pr.
4637
4638
4639
4640 pr.
4641
4642
4643
4644 pr.
4645
4646
4647
4648 pr.
4649
4650
4651
4652 pr.
4653
4654
4655
4656 pr.
4657
4658
4659
4660 pr.
4661
4662
4663
4664 pr.
4665
4666
4667
4668 pr.
4669
4670
4671
4672 pr.
4673
4674
4675
4676 pr.
4677
4678
4679
4680 pr.
4681
4682
4683
4684 pr.
4685
4686
4687
4688 pr.
4689
4690
4691
4692 pr.
4693
4694
4695
4696 pr.
4697
4698
4699
4700
4701
4702
4703
4704 pr.
4705
4706
4707
4708 pr.
4709
4710
4711
4712 pr.
4713
4714
4715
4716 pr.
4717
4718
4719
4720 pr.
4721
4722
4723
4724 pr.
4725
4726
4727
4728 pr.
4729
4730
4731
4732 pr.
4733
4734
4735
4736 pr.
4737
4738
4739
4740 pr.
4741
4742
4743
4744 pr.
4745
4746
4747
4748 pr.
4749
4750
4751
4752 pr.
4753
4754
4755
4756 pr.
4757
4758
4759
4760 pr.
4761
4762
4763
4764 pr.
4765
4766
4767
4768 pr.
4769
4770
4771
4772 pr.
4773
4774
4775
4776 pr.
4777
4778
4779
4780 pr.
4781
4782
4783
4784 pr.
4785
4786
4787
4788 pr.
4789
4790
4791
4792 pr.
4793
4794
4795
4796 pr.
4797
4798
4799
4800 pr.
4801
4802
4803
4804 pr.
4805
4806
4807
4808 pr.
4809
4810
4811
4812 pr.
4813
4814
4815
4816 pr.
4817
4818
4819
4820 pr.
4821
4822
4823
4824 pr.
4825
4826
4827
4828 pr.
4829
4830
4831
4832 pr.
4833
4834
4835
4836 pr.
4837
4838
4839
4840 pr.
4841
4842
4843
4844 pr.
4845
4846
4847
4848 pr.
4849
4850
4851
4852 pr.
4853
4854
4855
4856 pr.
4857
4858
4859
4860 pr.
4861
4862
4863
4864 pr.
4865
4866
4867
4868 pr.
4869
4870
4871
4872 pr.
4873
4874
4875
4876 pr.
4877
4878
4879
4880 pr.
4881
4882
4883
4884 pr.
4885
4886
4887
4888 pr.
4889
4890
4891
4892 pr.
4893
4894
4895
4896 pr.
4897
4898
4899
4900
4901
4902
4903
4904 pr.
4905
4906
4907
4908 pr.
4909
4910
4911
4912 pr.
4913
4914
4915
4916 pr.
4917
4918
4919
4920 pr.
4921
4922
4923
4924 pr.
4925
4926
4927
4928 pr.
4929
4930
4931
4932 pr.
4933
4934
4935
4936 pr.
4937
4938
4939
4940 pr.
4941
4942
4943
4944 pr.
4945
4946
4947
4948 pr.
4949
4950
4951
4952 pr.
4953
4954
4955
4956 pr.
4957
4958
4959
4960 pr.
4961
4962
4963
4964 pr.
4965
4966
4967
4968 pr.
4969
4970
4971
4972 pr.
4973
4974
4975
4976 pr.
4977
4978
4979
4980 pr.
4981
4982
4983
4984 pr.
4985
4986
4987
4988 pr.
4989
4990
4991
4992 pr.
4993
4994
4995
4996 pr.
4997
4998
4999
------------------------------------
3300 # pocet let
1204500 # pocet dnu, bez niceho ( jenom roky * 365 )

1205300 # celkem dnu se spravnym zapoctem vsech prestupnych a neprestupnych let
1205299.26 # pocet let krat presna delka roku tj. 365.2422

