1800 25.5
1801 31.5
1802 30.5
1803 29.5
1804 27.5
1805 26.5
1806 25.5
1807 31.5
1808 29.5
1809 28.5
1810 27.5
1811 26.5
1812 31.5
1813 30.5
1814 29.5
1815 28.5
1816 26.5
1817 25.5
1818 31.5
1819 30.5
1820 28.5
1821 27.5
1822 26.5
1823 25.5
1824 30.5
1825 29.5
1826 28.5
1827 27.5
1828 25.5
1829 31.5
1830 30.5
1831 29.5
1832 27.5
1833 26.5
1834 25.5
1835 31.5
1836 29.5
1837 28.5
1838 27.5
1839 26.5
1840 31.5
1841 30.5
1842 29.5
1843 28.5
1844 26.5
1845 25.5
1846 31.5
1847 30.5
1848 28.5
1849 27.5
1850 26.5
1851 25.5
1852 30.5
1853 29.5
1854 28.5
1855 27.5
1856 25.5
1857 31.5
1858 30.5
1859 29.5
1860 27.5
1861 26.5
1862 25.5
1863 31.5
1864 29.5
1865 28.5
1866 27.5
1867 26.5
1868 31.5
1869 30.5
1870 29.5
1871 28.5
1872 26.5
1873 25.5
1874 31.5
1875 30.5
1876 28.5
1877 27.5
1878 26.5
1879 25.5
1880 30.5
1881 29.5
1882 28.5
1883 27.5
1884 25.5
1885 31.5
1886 30.5
1887 29.5
1888 27.5
1889 26.5
1890 25.5
1891 31.5
1892 29.5
1893 28.5
1894 27.5
1895 26.5
1896 31.5
1897 30.5
1898 29.5
1899 28.5
1900 27.5
1901 26.5
1902 25.5
1903 31.5
1904 29.5
1905 28.5
1906 27.5
1907 26.5
1908 31.5
1909 30.5
1910 29.5
1911 28.5
1912 26.5
1913 25.5
1914 31.5
1915 30.5
1916 28.5
1917 27.5
1918 26.5
1919 25.5
1920 30.5
1921 29.5
1922 28.5
1923 27.5
1924 25.5
1925 31.5
1926 30.5
1927 29.5
1928 27.5
1929 26.5
1930 25.5
1931 31.5
1932 29.5
1933 28.5
1934 27.5
1935 26.5
1936 31.5
1937 30.5
1938 29.5
1939 28.5
1940 26.5
1941 25.5
1942 31.5
1943 30.5
1944 28.5
1945 27.5
1946 26.5
1947 25.5
1948 30.5
1949 29.5
1950 28.5
1951 27.5
1952 25.5
1953 31.5
1954 30.5
1955 29.5
1956 27.5
1957 26.5
1958 25.5
1959 31.5
1960 29.5
1961 28.5
1962 27.5
1963 26.5
1964 31.5
1965 30.5
1966 29.5
1967 28.5
1968 26.5
1969 25.5
1970 31.5
1971 30.5
1972 28.5
1973 27.5
1974 26.5
1975 25.5
1976 30.5
1977 29.5
1978 28.5
1979 27.5
1980 25.5
1981 31.5
1982 30.5
1983 29.5
1984 27.5
1985 26.5
1986 25.5
1987 31.5
1988 29.5
1989 28.5
1990 27.5
1991 26.5
1992 31.5
1993 30.5
1994 29.5
1995 28.5
1996 26.5
1997 25.5
1998 31.5
1999 30.5
2000 28.5
2001 27.5
2002 26.5
2003 25.5
2004 30.5
2005 29.5
2006 28.5
2007 27.5
2008 25.5
2009 31.5
2010 30.5
2011 29.5
2012 27.5
2013 26.5
2014 25.5
2015 31.5
2016 29.5
2017 28.5
2018 27.5
2019 26.5
2020 31.5
2021 30.5
2022 29.5
2023 28.5
2024 26.5
2025 25.5
2026 31.5
2027 30.5
2028 28.5
2029 27.5
2030 26.5
2031 25.5
2032 30.5
2033 29.5
2034 28.5
2035 27.5
2036 25.5
2037 31.5
2038 30.5
2039 29.5
2040 27.5
2041 26.5
2042 25.5
2043 31.5
2044 29.5
2045 28.5
2046 27.5
2047 26.5
2048 31.5
2049 30.5
2050 29.5
2051 28.5
2052 26.5
2053 25.5
2054 31.5
2055 30.5
2056 28.5
2057 27.5
2058 26.5
2059 25.5
2060 30.5
2061 29.5
2062 28.5
2063 27.5
2064 25.5
2065 31.5
2066 30.5
2067 29.5
2068 27.5
2069 26.5
2070 25.5
2071 31.5
2072 29.5
2073 28.5
2074 27.5
2075 26.5
2076 31.5
2077 30.5
2078 29.5
2079 28.5
2080 26.5
2081 25.5
2082 31.5
2083 30.5
2084 28.5
2085 27.5
2086 26.5
2087 25.5
2088 30.5
2089 29.5
2090 28.5
2091 27.5
2092 25.5
2093 31.5
2094 30.5
2095 29.5
2096 27.5
2097 26.5
2098 25.5
2099 31.5
2100 30.5
2101 29.5
2102 28.5
2103 27.5
2104 25.5
2105 31.5
2106 30.5
2107 29.5
2108 27.5
2109 26.5
2110 25.5
2111 31.5
2112 29.5
2113 28.5
2114 27.5
2115 26.5
2116 31.5
2117 30.5
2118 29.5
2119 28.5
2120 26.5
2121 25.5
2122 31.5
2123 30.5
2124 28.5
2125 27.5
2126 26.5
2127 25.5
2128 30.5
2129 29.5
2130 28.5
2131 27.5
2132 25.5
2133 31.5
2134 30.5
2135 29.5
2136 27.5
2137 26.5
2138 25.5
2139 31.5
2140 29.5
2141 28.5
2142 27.5
2143 26.5
2144 31.5
2145 30.5
2146 29.5
2147 28.5
2148 26.5
2149 25.5
2150 31.5
2151 30.5
2152 28.5
2153 27.5
2154 26.5
2155 25.5
2156 30.5
2157 29.5
2158 28.5
2159 27.5
2160 25.5
2161 31.5
2162 30.5
2163 29.5
2164 27.5
2165 26.5
2166 25.5
2167 31.5
2168 29.5
2169 28.5
2170 27.5
2171 26.5
2172 31.5
2173 30.5
2174 29.5
2175 28.5
2176 26.5
2177 25.5
2178 31.5
2179 30.5
2180 28.5
2181 27.5
2182 26.5
2183 25.5
2184 30.5
2185 29.5
2186 28.5
2187 27.5
2188 25.5
2189 31.5
2190 30.5
2191 29.5
2192 27.5
2193 26.5
2194 25.5
2195 31.5
2196 29.5
2197 28.5
2198 27.5
2199 26.5
2200 25.5
