1800 27.4
1801 26.4
1802 25.4
1803 24.4
1804 29.4
1805 28.4
1806 27.4
1807 26.4
1808 24.4
1809 30.4
1810 29.4
1811 28.4
1812 26.4
1813 25.4
1814 24.4
1815 30.4
1816 28.4
1817 27.4
1818 26.4
1819 25.4
1820 30.4
1821 29.4
1822 28.4
1823 27.4
1824 25.4
1825 24.4
1826 30.4
1827 29.4
1828 27.4
1829 26.4
1830 25.4
1831 24.4
1832 29.4
1833 28.4
1834 27.4
1835 26.4
1836 24.4
1837 30.4
1838 29.4
1839 28.4
1840 26.4
1841 25.4
1842 24.4
1843 30.4
1844 28.4
1845 27.4
1846 26.4
1847 25.4
1848 30.4
1849 29.4
1850 28.4
1851 27.4
1852 25.4
1853 24.4
1854 30.4
1855 29.4
1856 27.4
1857 26.4
1858 25.4
1859 24.4
1860 29.4
1861 28.4
1862 27.4
1863 26.4
1864 24.4
1865 30.4
1866 29.4
1867 28.4
1868 26.4
1869 25.4
1870 24.4
1871 30.4
1872 28.4
1873 27.4
1874 26.4
1875 25.4
1876 30.4
1877 29.4
1878 28.4
1879 27.4
1880 25.4
1881 24.4
1882 30.4
1883 29.4
1884 27.4
1885 26.4
1886 25.4
1887 24.4
1888 29.4
1889 28.4
1890 27.4
1891 26.4
1892 24.4
1893 30.4
1894 29.4
1895 28.4
1896 26.4
1897 25.4
1898 24.4
1899 30.4
1900 29.4
1901 28.4
1902 27.4
1903 26.4
1904 24.4
1905 30.4
1906 29.4
1907 28.4
1908 26.4
1909 25.4
1910 24.4
1911 30.4
1912 28.4
1913 27.4
1914 26.4
1915 25.4
1916 30.4
1917 29.4
1918 28.4
1919 27.4
1920 25.4
1921 24.4
1922 30.4
1923 29.4
1924 27.4
1925 26.4
1926 25.4
1927 24.4
1928 29.4
1929 28.4
1930 27.4
1931 26.4
1932 24.4
1933 30.4
1934 29.4
1935 28.4
1936 26.4
1937 25.4
1938 24.4
1939 30.4
1940 28.4
1941 27.4
1942 26.4
1943 25.4
1944 30.4
1945 29.4
1946 28.4
1947 27.4
1948 25.4
1949 24.4
1950 30.4
1951 29.4
1952 27.4
1953 26.4
1954 25.4
1955 24.4
1956 29.4
1957 28.4
1958 27.4
1959 26.4
1960 24.4
1961 30.4
1962 29.4
1963 28.4
1964 26.4
1965 25.4
1966 24.4
1967 30.4
1968 28.4
1969 27.4
1970 26.4
1971 25.4
1972 30.4
1973 29.4
1974 28.4
1975 27.4
1976 25.4
1977 24.4
1978 30.4
1979 29.4
1980 27.4
1981 26.4
1982 25.4
1983 24.4
1984 29.4
1985 28.4
1986 27.4
1987 26.4
1988 24.4
1989 30.4
1990 29.4
1991 28.4
1992 26.4
1993 25.4
1994 24.4
1995 30.4
1996 28.4
1997 27.4
1998 26.4
1999 25.4
2000 30.4
2001 29.4
2002 28.4
2003 27.4
2004 25.4
2005 24.4
2006 30.4
2007 29.4
2008 27.4
2009 26.4
2010 25.4
2011 24.4
2012 29.4
2013 28.4
2014 27.4
2015 26.4
2016 24.4
2017 30.4
2018 29.4
2019 28.4
2020 26.4
2021 25.4
2022 24.4
2023 30.4
2024 28.4
2025 27.4
2026 26.4
2027 25.4
2028 30.4
2029 29.4
2030 28.4
2031 27.4
2032 25.4
2033 24.4
2034 30.4
2035 29.4
2036 27.4
2037 26.4
2038 25.4
2039 24.4
2040 29.4
2041 28.4
2042 27.4
2043 26.4
2044 24.4
2045 30.4
2046 29.4
2047 28.4
2048 26.4
2049 25.4
2050 24.4
2051 30.4
2052 28.4
2053 27.4
2054 26.4
2055 25.4
2056 30.4
2057 29.4
2058 28.4
2059 27.4
2060 25.4
2061 24.4
2062 30.4
2063 29.4
2064 27.4
2065 26.4
2066 25.4
2067 24.4
2068 29.4
2069 28.4
2070 27.4
2071 26.4
2072 24.4
2073 30.4
2074 29.4
2075 28.4
2076 26.4
2077 25.4
2078 24.4
2079 30.4
2080 28.4
2081 27.4
2082 26.4
2083 25.4
2084 30.4
2085 29.4
2086 28.4
2087 27.4
2088 25.4
2089 24.4
2090 30.4
2091 29.4
2092 27.4
2093 26.4
2094 25.4
2095 24.4
2096 29.4
2097 28.4
2098 27.4
2099 26.4
2100 25.4
2101 24.4
2102 30.4
2103 29.4
2104 27.4
2105 26.4
2106 25.4
2107 24.4
2108 29.4
2109 28.4
2110 27.4
2111 26.4
2112 24.4
2113 30.4
2114 29.4
2115 28.4
2116 26.4
2117 25.4
2118 24.4
2119 30.4
2120 28.4
2121 27.4
2122 26.4
2123 25.4
2124 30.4
2125 29.4
2126 28.4
2127 27.4
2128 25.4
2129 24.4
2130 30.4
2131 29.4
2132 27.4
2133 26.4
2134 25.4
2135 24.4
2136 29.4
2137 28.4
2138 27.4
2139 26.4
2140 24.4
2141 30.4
2142 29.4
2143 28.4
2144 26.4
2145 25.4
2146 24.4
2147 30.4
2148 28.4
2149 27.4
2150 26.4
2151 25.4
2152 30.4
2153 29.4
2154 28.4
2155 27.4
2156 25.4
2157 24.4
2158 30.4
2159 29.4
2160 27.4
2161 26.4
2162 25.4
2163 24.4
2164 29.4
2165 28.4
2166 27.4
2167 26.4
2168 24.4
2169 30.4
2170 29.4
2171 28.4
2172 26.4
2173 25.4
2174 24.4
2175 30.4
2176 28.4
2177 27.4
2178 26.4
2179 25.4
2180 30.4
2181 29.4
2182 28.4
2183 27.4
2184 25.4
2185 24.4
2186 30.4
2187 29.4
2188 27.4
2189 26.4
2190 25.4
2191 24.4
2192 29.4
2193 28.4
2194 27.4
2195 26.4
2196 24.4
2197 30.4
2198 29.4
2199 28.4
2200 27.4
