1800 23.2
1801 22.2
1802 28.2
1803 27.2
1804 26.2
1805 24.2
1806 23.2
1807 22.2
1808 28.2
1809 26.2
1810 25.2
1811 24.2
1812 23.2
1813 28.2
1814 27.2
1815 26.2
1816 25.2
1817 23.2
1818 22.2
1819 28.2
1820 27.2
1821 25.2
1822 24.2
1823 23.2
1824 29.2
1825 27.2
1826 26.2
1827 25.2
1828 24.2
1829 22.2
1830 28.2
1831 27.2
1832 26.2
1833 24.2
1834 23.2
1835 22.2
1836 28.2
1837 26.2
1838 25.2
1839 24.2
1840 23.2
1841 28.2
1842 27.2
1843 26.2
1844 25.2
1845 23.2
1846 22.2
1847 28.2
1848 27.2
1849 25.2
1850 24.2
1851 23.2
1852 29.2
1853 27.2
1854 26.2
1855 25.2
1856 24.2
1857 22.2
1858 28.2
1859 27.2
1860 26.2
1861 24.2
1862 23.2
1863 22.2
1864 28.2
1865 26.2
1866 25.2
1867 24.2
1868 23.2
1869 28.2
1870 27.2
1871 26.2
1872 25.2
1873 23.2
1874 22.2
1875 28.2
1876 27.2
1877 25.2
1878 24.2
1879 23.2
1880 29.2
1881 27.2
1882 26.2
1883 25.2
1884 24.2
1885 22.2
1886 28.2
1887 27.2
1888 26.2
1889 24.2
1890 23.2
1891 22.2
1892 28.2
1893 26.2
1894 25.2
1895 24.2
1896 23.2
1897 28.2
1898 27.2
1899 26.2
1900 25.2
1901 24.2
1902 23.2
1903 22.2
1904 28.2
1905 26.2
1906 25.2
1907 24.2
1908 23.2
1909 28.2
1910 27.2
1911 26.2
1912 25.2
1913 23.2
1914 22.2
1915 28.2
1916 27.2
1917 25.2
1918 24.2
1919 23.2
1920 29.2
1921 27.2
1922 26.2
1923 25.2
1924 24.2
1925 22.2
1926 28.2
1927 27.2
1928 26.2
1929 24.2
1930 23.2
1931 22.2
1932 28.2
1933 26.2
1934 25.2
1935 24.2
1936 23.2
1937 28.2
1938 27.2
1939 26.2
1940 25.2
1941 23.2
1942 22.2
1943 28.2
1944 27.2
1945 25.2
1946 24.2
1947 23.2
1948 29.2
1949 27.2
1950 26.2
1951 25.2
1952 24.2
1953 22.2
1954 28.2
1955 27.2
1956 26.2
1957 24.2
1958 23.2
1959 22.2
1960 28.2
1961 26.2
1962 25.2
1963 24.2
1964 23.2
1965 28.2
1966 27.2
1967 26.2
1968 25.2
1969 23.2
1970 22.2
1971 28.2
1972 27.2
1973 25.2
1974 24.2
1975 23.2
1976 29.2
1977 27.2
1978 26.2
1979 25.2
1980 24.2
1981 22.2
1982 28.2
1983 27.2
1984 26.2
1985 24.2
1986 23.2
1987 22.2
1988 28.2
1989 26.2
1990 25.2
1991 24.2
1992 23.2
1993 28.2
1994 27.2
1995 26.2
1996 25.2
1997 23.2
1998 22.2
1999 28.2
2000 27.2
2001 25.2
2002 24.2
2003 23.2
2004 29.2
2005 27.2
2006 26.2
2007 25.2
2008 24.2
2009 22.2
2010 28.2
2011 27.2
2012 26.2
2013 24.2
2014 23.2
2015 22.2
2016 28.2
2017 26.2
2018 25.2
2019 24.2
2020 23.2
2021 28.2
2022 27.2
2023 26.2
2024 25.2
2025 23.2
2026 22.2
2027 28.2
2028 27.2
2029 25.2
2030 24.2
2031 23.2
2032 29.2
2033 27.2
2034 26.2
2035 25.2
2036 24.2
2037 22.2
2038 28.2
2039 27.2
2040 26.2
2041 24.2
2042 23.2
2043 22.2
2044 28.2
2045 26.2
2046 25.2
2047 24.2
2048 23.2
2049 28.2
2050 27.2
2051 26.2
2052 25.2
2053 23.2
2054 22.2
2055 28.2
2056 27.2
2057 25.2
2058 24.2
2059 23.2
2060 29.2
2061 27.2
2062 26.2
2063 25.2
2064 24.2
2065 22.2
2066 28.2
2067 27.2
2068 26.2
2069 24.2
2070 23.2
2071 22.2
2072 28.2
2073 26.2
2074 25.2
2075 24.2
2076 23.2
2077 28.2
2078 27.2
2079 26.2
2080 25.2
2081 23.2
2082 22.2
2083 28.2
2084 27.2
2085 25.2
2086 24.2
2087 23.2
2088 29.2
2089 27.2
2090 26.2
2091 25.2
2092 24.2
2093 22.2
2094 28.2
2095 27.2
2096 26.2
2097 24.2
2098 23.2
2099 22.2
2100 28.2
2101 27.2
2102 26.2
2103 25.2
2104 24.2
2105 22.2
2106 28.2
2107 27.2
2108 26.2
2109 24.2
2110 23.2
2111 22.2
2112 28.2
2113 26.2
2114 25.2
2115 24.2
2116 23.2
2117 28.2
2118 27.2
2119 26.2
2120 25.2
2121 23.2
2122 22.2
2123 28.2
2124 27.2
2125 25.2
2126 24.2
2127 23.2
2128 29.2
2129 27.2
2130 26.2
2131 25.2
2132 24.2
2133 22.2
2134 28.2
2135 27.2
2136 26.2
2137 24.2
2138 23.2
2139 22.2
2140 28.2
2141 26.2
2142 25.2
2143 24.2
2144 23.2
2145 28.2
2146 27.2
2147 26.2
2148 25.2
2149 23.2
2150 22.2
2151 28.2
2152 27.2
2153 25.2
2154 24.2
2155 23.2
2156 29.2
2157 27.2
2158 26.2
2159 25.2
2160 24.2
2161 22.2
2162 28.2
2163 27.2
2164 26.2
2165 24.2
2166 23.2
2167 22.2
2168 28.2
2169 26.2
2170 25.2
2171 24.2
2172 23.2
2173 28.2
2174 27.2
2175 26.2
2176 25.2
2177 23.2
2178 22.2
2179 28.2
2180 27.2
2181 25.2
2182 24.2
2183 23.2
2184 29.2
2185 27.2
2186 26.2
2187 25.2
2188 24.2
2189 22.2
2190 28.2
2191 27.2
2192 26.2
2193 24.2
2194 23.2
2195 22.2
2196 28.2
2197 26.2
2198 25.2
2199 24.2
2200 23.2
