1800 28.9
1801 27.9
1802 26.9
1803 25.9
1804 30.9
1805 29.9
1806 28.9
1807 27.9
1808 25.9
1809 24.9
1810 30.9
1811 29.9
1812 27.9
1813 26.9
1814 25.9
1815 24.9
1816 29.9
1817 28.9
1818 27.9
1819 26.9
1820 24.9
1821 30.9
1822 29.9
1823 28.9
1824 26.9
1825 25.9
1826 24.9
1827 30.9
1828 28.9
1829 27.9
1830 26.9
1831 25.9
1832 30.9
1833 29.9
1834 28.9
1835 27.9
1836 25.9
1837 24.9
1838 30.9
1839 29.9
1840 27.9
1841 26.9
1842 25.9
1843 24.9
1844 29.9
1845 28.9
1846 27.9
1847 26.9
1848 24.9
1849 30.9
1850 29.9
1851 28.9
1852 26.9
1853 25.9
1854 24.9
1855 30.9
1856 28.9
1857 27.9
1858 26.9
1859 25.9
1860 30.9
1861 29.9
1862 28.9
1863 27.9
1864 25.9
1865 24.9
1866 30.9
1867 29.9
1868 27.9
1869 26.9
1870 25.9
1871 24.9
1872 29.9
1873 28.9
1874 27.9
1875 26.9
1876 24.9
1877 30.9
1878 29.9
1879 28.9
1880 26.9
1881 25.9
1882 24.9
1883 30.9
1884 28.9
1885 27.9
1886 26.9
1887 25.9
1888 30.9
1889 29.9
1890 28.9
1891 27.9
1892 25.9
1893 24.9
1894 30.9
1895 29.9
1896 27.9
1897 26.9
1898 25.9
1899 24.9
1900 30.9
1901 29.9
1902 28.9
1903 27.9
1904 25.9
1905 24.9
1906 30.9
1907 29.9
1908 27.9
1909 26.9
1910 25.9
1911 24.9
1912 29.9
1913 28.9
1914 27.9
1915 26.9
1916 24.9
1917 30.9
1918 29.9
1919 28.9
1920 26.9
1921 25.9
1922 24.9
1923 30.9
1924 28.9
1925 27.9
1926 26.9
1927 25.9
1928 30.9
1929 29.9
1930 28.9
1931 27.9
1932 25.9
1933 24.9
1934 30.9
1935 29.9
1936 27.9
1937 26.9
1938 25.9
1939 24.9
1940 29.9
1941 28.9
1942 27.9
1943 26.9
1944 24.9
1945 30.9
1946 29.9
1947 28.9
1948 26.9
1949 25.9
1950 24.9
1951 30.9
1952 28.9
1953 27.9
1954 26.9
1955 25.9
1956 30.9
1957 29.9
1958 28.9
1959 27.9
1960 25.9
1961 24.9
1962 30.9
1963 29.9
1964 27.9
1965 26.9
1966 25.9
1967 24.9
1968 29.9
1969 28.9
1970 27.9
1971 26.9
1972 24.9
1973 30.9
1974 29.9
1975 28.9
1976 26.9
1977 25.9
1978 24.9
1979 30.9
1980 28.9
1981 27.9
1982 26.9
1983 25.9
1984 30.9
1985 29.9
1986 28.9
1987 27.9
1988 25.9
1989 24.9
1990 30.9
1991 29.9
1992 27.9
1993 26.9
1994 25.9
1995 24.9
1996 29.9
1997 28.9
1998 27.9
1999 26.9
2000 24.9
2001 30.9
2002 29.9
2003 28.9
2004 26.9
2005 25.9
2006 24.9
2007 30.9
2008 28.9
2009 27.9
2010 26.9
2011 25.9
2012 30.9
2013 29.9
2014 28.9
2015 27.9
2016 25.9
2017 24.9
2018 30.9
2019 29.9
2020 27.9
2021 26.9
2022 25.9
2023 24.9
2024 29.9
2025 28.9
2026 27.9
2027 26.9
2028 24.9
2029 30.9
2030 29.9
2031 28.9
2032 26.9
2033 25.9
2034 24.9
2035 30.9
2036 28.9
2037 27.9
2038 26.9
2039 25.9
2040 30.9
2041 29.9
2042 28.9
2043 27.9
2044 25.9
2045 24.9
2046 30.9
2047 29.9
2048 27.9
2049 26.9
2050 25.9
2051 24.9
2052 29.9
2053 28.9
2054 27.9
2055 26.9
2056 24.9
2057 30.9
2058 29.9
2059 28.9
2060 26.9
2061 25.9
2062 24.9
2063 30.9
2064 28.9
2065 27.9
2066 26.9
2067 25.9
2068 30.9
2069 29.9
2070 28.9
2071 27.9
2072 25.9
2073 24.9
2074 30.9
2075 29.9
2076 27.9
2077 26.9
2078 25.9
2079 24.9
2080 29.9
2081 28.9
2082 27.9
2083 26.9
2084 24.9
2085 30.9
2086 29.9
2087 28.9
2088 26.9
2089 25.9
2090 24.9
2091 30.9
2092 28.9
2093 27.9
2094 26.9
2095 25.9
2096 30.9
2097 29.9
2098 28.9
2099 27.9
2100 26.9
2101 25.9
2102 24.9
2103 30.9
2104 28.9
2105 27.9
2106 26.9
2107 25.9
2108 30.9
2109 29.9
2110 28.9
2111 27.9
2112 25.9
2113 24.9
2114 30.9
2115 29.9
2116 27.9
2117 26.9
2118 25.9
2119 24.9
2120 29.9
2121 28.9
2122 27.9
2123 26.9
2124 24.9
2125 30.9
2126 29.9
2127 28.9
2128 26.9
2129 25.9
2130 24.9
2131 30.9
2132 28.9
2133 27.9
2134 26.9
2135 25.9
2136 30.9
2137 29.9
2138 28.9
2139 27.9
2140 25.9
2141 24.9
2142 30.9
2143 29.9
2144 27.9
2145 26.9
2146 25.9
2147 24.9
2148 29.9
2149 28.9
2150 27.9
2151 26.9
2152 24.9
2153 30.9
2154 29.9
2155 28.9
2156 26.9
2157 25.9
2158 24.9
2159 30.9
2160 28.9
2161 27.9
2162 26.9
2163 25.9
2164 30.9
2165 29.9
2166 28.9
2167 27.9
2168 25.9
2169 24.9
2170 30.9
2171 29.9
2172 27.9
2173 26.9
2174 25.9
2175 24.9
2176 29.9
2177 28.9
2178 27.9
2179 26.9
2180 24.9
2181 30.9
2182 29.9
2183 28.9
2184 26.9
2185 25.9
2186 24.9
2187 30.9
2188 28.9
2189 27.9
2190 26.9
2191 25.9
2192 30.9
2193 29.9
2194 28.9
2195 27.9
2196 25.9
2197 24.9
2198 30.9
2199 29.9
2200 28.9
