1800 31.8
1801 30.8
1802 29.8
1803 28.8
1804 26.8
1805 25.8
1806 31.8
1807 30.8
1808 28.8
1809 27.8
1810 26.8
1811 25.8
1812 30.8
1813 29.8
1814 28.8
1815 27.8
1816 25.8
1817 31.8
1818 30.8
1819 29.8
1820 27.8
1821 26.8
1822 25.8
1823 31.8
1824 29.8
1825 28.8
1826 27.8
1827 26.8
1828 31.8
1829 30.8
1830 29.8
1831 28.8
1832 26.8
1833 25.8
1834 31.8
1835 30.8
1836 28.8
1837 27.8
1838 26.8
1839 25.8
1840 30.8
1841 29.8
1842 28.8
1843 27.8
1844 25.8
1845 31.8
1846 30.8
1847 29.8
1848 27.8
1849 26.8
1850 25.8
1851 31.8
1852 29.8
1853 28.8
1854 27.8
1855 26.8
1856 31.8
1857 30.8
1858 29.8
1859 28.8
1860 26.8
1861 25.8
1862 31.8
1863 30.8
1864 28.8
1865 27.8
1866 26.8
1867 25.8
1868 30.8
1869 29.8
1870 28.8
1871 27.8
1872 25.8
1873 31.8
1874 30.8
1875 29.8
1876 27.8
1877 26.8
1878 25.8
1879 31.8
1880 29.8
1881 28.8
1882 27.8
1883 26.8
1884 31.8
1885 30.8
1886 29.8
1887 28.8
1888 26.8
1889 25.8
1890 31.8
1891 30.8
1892 28.8
1893 27.8
1894 26.8
1895 25.8
1896 30.8
1897 29.8
1898 28.8
1899 27.8
1900 26.8
1901 25.8
1902 31.8
1903 30.8
1904 28.8
1905 27.8
1906 26.8
1907 25.8
1908 30.8
1909 29.8
1910 28.8
1911 27.8
1912 25.8
1913 31.8
1914 30.8
1915 29.8
1916 27.8
1917 26.8
1918 25.8
1919 31.8
1920 29.8
1921 28.8
1922 27.8
1923 26.8
1924 31.8
1925 30.8
1926 29.8
1927 28.8
1928 26.8
1929 25.8
1930 31.8
1931 30.8
1932 28.8
1933 27.8
1934 26.8
1935 25.8
1936 30.8
1937 29.8
1938 28.8
1939 27.8
1940 25.8
1941 31.8
1942 30.8
1943 29.8
1944 27.8
1945 26.8
1946 25.8
1947 31.8
1948 29.8
1949 28.8
1950 27.8
1951 26.8
1952 31.8
1953 30.8
1954 29.8
1955 28.8
1956 26.8
1957 25.8
1958 31.8
1959 30.8
1960 28.8
1961 27.8
1962 26.8
1963 25.8
1964 30.8
1965 29.8
1966 28.8
1967 27.8
1968 25.8
1969 31.8
1970 30.8
1971 29.8
1972 27.8
1973 26.8
1974 25.8
1975 31.8
1976 29.8
1977 28.8
1978 27.8
1979 26.8
1980 31.8
1981 30.8
1982 29.8
1983 28.8
1984 26.8
1985 25.8
1986 31.8
1987 30.8
1988 28.8
1989 27.8
1990 26.8
1991 25.8
1992 30.8
1993 29.8
1994 28.8
1995 27.8
1996 25.8
1997 31.8
1998 30.8
1999 29.8
2000 27.8
2001 26.8
2002 25.8
2003 31.8
2004 29.8
2005 28.8
2006 27.8
2007 26.8
2008 31.8
2009 30.8
2010 29.8
2011 28.8
2012 26.8
2013 25.8
2014 31.8
2015 30.8
2016 28.8
2017 27.8
2018 26.8
2019 25.8
2020 30.8
2021 29.8
2022 28.8
2023 27.8
2024 25.8
2025 31.8
2026 30.8
2027 29.8
2028 27.8
2029 26.8
2030 25.8
2031 31.8
2032 29.8
2033 28.8
2034 27.8
2035 26.8
2036 31.8
2037 30.8
2038 29.8
2039 28.8
2040 26.8
2041 25.8
2042 31.8
2043 30.8
2044 28.8
2045 27.8
2046 26.8
2047 25.8
2048 30.8
2049 29.8
2050 28.8
2051 27.8
2052 25.8
2053 31.8
2054 30.8
2055 29.8
2056 27.8
2057 26.8
2058 25.8
2059 31.8
2060 29.8
2061 28.8
2062 27.8
2063 26.8
2064 31.8
2065 30.8
2066 29.8
2067 28.8
2068 26.8
2069 25.8
2070 31.8
2071 30.8
2072 28.8
2073 27.8
2074 26.8
2075 25.8
2076 30.8
2077 29.8
2078 28.8
2079 27.8
2080 25.8
2081 31.8
2082 30.8
2083 29.8
2084 27.8
2085 26.8
2086 25.8
2087 31.8
2088 29.8
2089 28.8
2090 27.8
2091 26.8
2092 31.8
2093 30.8
2094 29.8
2095 28.8
2096 26.8
2097 25.8
2098 31.8
2099 30.8
2100 29.8
2101 28.8
2102 27.8
2103 26.8
2104 31.8
2105 30.8
2106 29.8
2107 28.8
2108 26.8
2109 25.8
2110 31.8
2111 30.8
2112 28.8
2113 27.8
2114 26.8
2115 25.8
2116 30.8
2117 29.8
2118 28.8
2119 27.8
2120 25.8
2121 31.8
2122 30.8
2123 29.8
2124 27.8
2125 26.8
2126 25.8
2127 31.8
2128 29.8
2129 28.8
2130 27.8
2131 26.8
2132 31.8
2133 30.8
2134 29.8
2135 28.8
2136 26.8
2137 25.8
2138 31.8
2139 30.8
2140 28.8
2141 27.8
2142 26.8
2143 25.8
2144 30.8
2145 29.8
2146 28.8
2147 27.8
2148 25.8
2149 31.8
2150 30.8
2151 29.8
2152 27.8
2153 26.8
2154 25.8
2155 31.8
2156 29.8
2157 28.8
2158 27.8
2159 26.8
2160 31.8
2161 30.8
2162 29.8
2163 28.8
2164 26.8
2165 25.8
2166 31.8
2167 30.8
2168 28.8
2169 27.8
2170 26.8
2171 25.8
2172 30.8
2173 29.8
2174 28.8
2175 27.8
2176 25.8
2177 31.8
2178 30.8
2179 29.8
2180 27.8
2181 26.8
2182 25.8
2183 31.8
2184 29.8
2185 28.8
2186 27.8
2187 26.8
2188 31.8
2189 30.8
2190 29.8
2191 28.8
2192 26.8
2193 25.8
2194 31.8
2195 30.8
2196 28.8
2197 27.8
2198 26.8
2199 25.8
2200 31.8
