1800 26.10
1801 25.10
1802 31.10
1803 30.10
1804 28.10
1805 27.10
1806 26.10
1807 25.10
1808 30.10
1809 29.10
1810 28.10
1811 27.10
1812 25.10
1813 31.10
1814 30.10
1815 29.10
1816 27.10
1817 26.10
1818 25.10
1819 31.10
1820 29.10
1821 28.10
1822 27.10
1823 26.10
1824 31.10
1825 30.10
1826 29.10
1827 28.10
1828 26.10
1829 25.10
1830 31.10
1831 30.10
1832 28.10
1833 27.10
1834 26.10
1835 25.10
1836 30.10
1837 29.10
1838 28.10
1839 27.10
1840 25.10
1841 31.10
1842 30.10
1843 29.10
1844 27.10
1845 26.10
1846 25.10
1847 31.10
1848 29.10
1849 28.10
1850 27.10
1851 26.10
1852 31.10
1853 30.10
1854 29.10
1855 28.10
1856 26.10
1857 25.10
1858 31.10
1859 30.10
1860 28.10
1861 27.10
1862 26.10
1863 25.10
1864 30.10
1865 29.10
1866 28.10
1867 27.10
1868 25.10
1869 31.10
1870 30.10
1871 29.10
1872 27.10
1873 26.10
1874 25.10
1875 31.10
1876 29.10
1877 28.10
1878 27.10
1879 26.10
1880 31.10
1881 30.10
1882 29.10
1883 28.10
1884 26.10
1885 25.10
1886 31.10
1887 30.10
1888 28.10
1889 27.10
1890 26.10
1891 25.10
1892 30.10
1893 29.10
1894 28.10
1895 27.10
1896 25.10
1897 31.10
1898 30.10
1899 29.10
1900 28.10
1901 27.10
1902 26.10
1903 25.10
1904 30.10
1905 29.10
1906 28.10
1907 27.10
1908 25.10
1909 31.10
1910 30.10
1911 29.10
1912 27.10
1913 26.10
1914 25.10
1915 31.10
1916 29.10
1917 28.10
1918 27.10
1919 26.10
1920 31.10
1921 30.10
1922 29.10
1923 28.10
1924 26.10
1925 25.10
1926 31.10
1927 30.10
1928 28.10
1929 27.10
1930 26.10
1931 25.10
1932 30.10
1933 29.10
1934 28.10
1935 27.10
1936 25.10
1937 31.10
1938 30.10
1939 29.10
1940 27.10
1941 26.10
1942 25.10
1943 31.10
1944 29.10
1945 28.10
1946 27.10
1947 26.10
1948 31.10
1949 30.10
1950 29.10
1951 28.10
1952 26.10
1953 25.10
1954 31.10
1955 30.10
1956 28.10
1957 27.10
1958 26.10
1959 25.10
1960 30.10
1961 29.10
1962 28.10
1963 27.10
1964 25.10
1965 31.10
1966 30.10
1967 29.10
1968 27.10
1969 26.10
1970 25.10
1971 31.10
1972 29.10
1973 28.10
1974 27.10
1975 26.10
1976 31.10
1977 30.10
1978 29.10
1979 28.10
1980 26.10
1981 25.10
1982 31.10
1983 30.10
1984 28.10
1985 27.10
1986 26.10
1987 25.10
1988 30.10
1989 29.10
1990 28.10
1991 27.10
1992 25.10
1993 31.10
1994 30.10
1995 29.10
1996 27.10
1997 26.10
1998 25.10
1999 31.10
2000 29.10
2001 28.10
2002 27.10
2003 26.10
2004 31.10
2005 30.10
2006 29.10
2007 28.10
2008 26.10
2009 25.10
2010 31.10
2011 30.10
2012 28.10
2013 27.10
2014 26.10
2015 25.10
2016 30.10
2017 29.10
2018 28.10
2019 27.10
2020 25.10
2021 31.10
2022 30.10
2023 29.10
2024 27.10
2025 26.10
2026 25.10
2027 31.10
2028 29.10
2029 28.10
2030 27.10
2031 26.10
2032 31.10
2033 30.10
2034 29.10
2035 28.10
2036 26.10
2037 25.10
2038 31.10
2039 30.10
2040 28.10
2041 27.10
2042 26.10
2043 25.10
2044 30.10
2045 29.10
2046 28.10
2047 27.10
2048 25.10
2049 31.10
2050 30.10
2051 29.10
2052 27.10
2053 26.10
2054 25.10
2055 31.10
2056 29.10
2057 28.10
2058 27.10
2059 26.10
2060 31.10
2061 30.10
2062 29.10
2063 28.10
2064 26.10
2065 25.10
2066 31.10
2067 30.10
2068 28.10
2069 27.10
2070 26.10
2071 25.10
2072 30.10
2073 29.10
2074 28.10
2075 27.10
2076 25.10
2077 31.10
2078 30.10
2079 29.10
2080 27.10
2081 26.10
2082 25.10
2083 31.10
2084 29.10
2085 28.10
2086 27.10
2087 26.10
2088 31.10
2089 30.10
2090 29.10
2091 28.10
2092 26.10
2093 25.10
2094 31.10
2095 30.10
2096 28.10
2097 27.10
2098 26.10
2099 25.10
2100 31.10
2101 30.10
2102 29.10
2103 28.10
2104 26.10
2105 25.10
2106 31.10
2107 30.10
2108 28.10
2109 27.10
2110 26.10
2111 25.10
2112 30.10
2113 29.10
2114 28.10
2115 27.10
2116 25.10
2117 31.10
2118 30.10
2119 29.10
2120 27.10
2121 26.10
2122 25.10
2123 31.10
2124 29.10
2125 28.10
2126 27.10
2127 26.10
2128 31.10
2129 30.10
2130 29.10
2131 28.10
2132 26.10
2133 25.10
2134 31.10
2135 30.10
2136 28.10
2137 27.10
2138 26.10
2139 25.10
2140 30.10
2141 29.10
2142 28.10
2143 27.10
2144 25.10
2145 31.10
2146 30.10
2147 29.10
2148 27.10
2149 26.10
2150 25.10
2151 31.10
2152 29.10
2153 28.10
2154 27.10
2155 26.10
2156 31.10
2157 30.10
2158 29.10
2159 28.10
2160 26.10
2161 25.10
2162 31.10
2163 30.10
2164 28.10
2165 27.10
2166 26.10
2167 25.10
2168 30.10
2169 29.10
2170 28.10
2171 27.10
2172 25.10
2173 31.10
2174 30.10
2175 29.10
2176 27.10
2177 26.10
2178 25.10
2179 31.10
2180 29.10
2181 28.10
2182 27.10
2183 26.10
2184 31.10
2185 30.10
2186 29.10
2187 28.10
2188 26.10
2189 25.10
2190 31.10
2191 30.10
2192 28.10
2193 27.10
2194 26.10
2195 25.10
2196 30.10
2197 29.10
2198 28.10
2199 27.10
2200 26.10
