1800 30.11
1801 29.11
1802 28.11
1803 27.11
1804 25.11
1805 24.11
1806 30.11
1807 29.11
1808 27.11
1809 26.11
1810 25.11
1811 24.11
1812 29.11
1813 28.11
1814 27.11
1815 26.11
1816 24.11
1817 30.11
1818 29.11
1819 28.11
1820 26.11
1821 25.11
1822 24.11
1823 30.11
1824 28.11
1825 27.11
1826 26.11
1827 25.11
1828 30.11
1829 29.11
1830 28.11
1831 27.11
1832 25.11
1833 24.11
1834 30.11
1835 29.11
1836 27.11
1837 26.11
1838 25.11
1839 24.11
1840 29.11
1841 28.11
1842 27.11
1843 26.11
1844 24.11
1845 30.11
1846 29.11
1847 28.11
1848 26.11
1849 25.11
1850 24.11
1851 30.11
1852 28.11
1853 27.11
1854 26.11
1855 25.11
1856 30.11
1857 29.11
1858 28.11
1859 27.11
1860 25.11
1861 24.11
1862 30.11
1863 29.11
1864 27.11
1865 26.11
1866 25.11
1867 24.11
1868 29.11
1869 28.11
1870 27.11
1871 26.11
1872 24.11
1873 30.11
1874 29.11
1875 28.11
1876 26.11
1877 25.11
1878 24.11
1879 30.11
1880 28.11
1881 27.11
1882 26.11
1883 25.11
1884 30.11
1885 29.11
1886 28.11
1887 27.11
1888 25.11
1889 24.11
1890 30.11
1891 29.11
1892 27.11
1893 26.11
1894 25.11
1895 24.11
1896 29.11
1897 28.11
1898 27.11
1899 26.11
1900 25.11
1901 24.11
1902 30.11
1903 29.11
1904 27.11
1905 26.11
1906 25.11
1907 24.11
1908 29.11
1909 28.11
1910 27.11
1911 26.11
1912 24.11
1913 30.11
1914 29.11
1915 28.11
1916 26.11
1917 25.11
1918 24.11
1919 30.11
1920 28.11
1921 27.11
1922 26.11
1923 25.11
1924 30.11
1925 29.11
1926 28.11
1927 27.11
1928 25.11
1929 24.11
1930 30.11
1931 29.11
1932 27.11
1933 26.11
1934 25.11
1935 24.11
1936 29.11
1937 28.11
1938 27.11
1939 26.11
1940 24.11
1941 30.11
1942 29.11
1943 28.11
1944 26.11
1945 25.11
1946 24.11
1947 30.11
1948 28.11
1949 27.11
1950 26.11
1951 25.11
1952 30.11
1953 29.11
1954 28.11
1955 27.11
1956 25.11
1957 24.11
1958 30.11
1959 29.11
1960 27.11
1961 26.11
1962 25.11
1963 24.11
1964 29.11
1965 28.11
1966 27.11
1967 26.11
1968 24.11
1969 30.11
1970 29.11
1971 28.11
1972 26.11
1973 25.11
1974 24.11
1975 30.11
1976 28.11
1977 27.11
1978 26.11
1979 25.11
1980 30.11
1981 29.11
1982 28.11
1983 27.11
1984 25.11
1985 24.11
1986 30.11
1987 29.11
1988 27.11
1989 26.11
1990 25.11
1991 24.11
1992 29.11
1993 28.11
1994 27.11
1995 26.11
1996 24.11
1997 30.11
1998 29.11
1999 28.11
2000 26.11
2001 25.11
2002 24.11
2003 30.11
2004 28.11
2005 27.11
2006 26.11
2007 25.11
2008 30.11
2009 29.11
2010 28.11
2011 27.11
2012 25.11
2013 24.11
2014 30.11
2015 29.11
2016 27.11
2017 26.11
2018 25.11
2019 24.11
2020 29.11
2021 28.11
2022 27.11
2023 26.11
2024 24.11
2025 30.11
2026 29.11
2027 28.11
2028 26.11
2029 25.11
2030 24.11
2031 30.11
2032 28.11
2033 27.11
2034 26.11
2035 25.11
2036 30.11
2037 29.11
2038 28.11
2039 27.11
2040 25.11
2041 24.11
2042 30.11
2043 29.11
2044 27.11
2045 26.11
2046 25.11
2047 24.11
2048 29.11
2049 28.11
2050 27.11
2051 26.11
2052 24.11
2053 30.11
2054 29.11
2055 28.11
2056 26.11
2057 25.11
2058 24.11
2059 30.11
2060 28.11
2061 27.11
2062 26.11
2063 25.11
2064 30.11
2065 29.11
2066 28.11
2067 27.11
2068 25.11
2069 24.11
2070 30.11
2071 29.11
2072 27.11
2073 26.11
2074 25.11
2075 24.11
2076 29.11
2077 28.11
2078 27.11
2079 26.11
2080 24.11
2081 30.11
2082 29.11
2083 28.11
2084 26.11
2085 25.11
2086 24.11
2087 30.11
2088 28.11
2089 27.11
2090 26.11
2091 25.11
2092 30.11
2093 29.11
2094 28.11
2095 27.11
2096 25.11
2097 24.11
2098 30.11
2099 29.11
2100 28.11
2101 27.11
2102 26.11
2103 25.11
2104 30.11
2105 29.11
2106 28.11
2107 27.11
2108 25.11
2109 24.11
2110 30.11
2111 29.11
2112 27.11
2113 26.11
2114 25.11
2115 24.11
2116 29.11
2117 28.11
2118 27.11
2119 26.11
2120 24.11
2121 30.11
2122 29.11
2123 28.11
2124 26.11
2125 25.11
2126 24.11
2127 30.11
2128 28.11
2129 27.11
2130 26.11
2131 25.11
2132 30.11
2133 29.11
2134 28.11
2135 27.11
2136 25.11
2137 24.11
2138 30.11
2139 29.11
2140 27.11
2141 26.11
2142 25.11
2143 24.11
2144 29.11
2145 28.11
2146 27.11
2147 26.11
2148 24.11
2149 30.11
2150 29.11
2151 28.11
2152 26.11
2153 25.11
2154 24.11
2155 30.11
2156 28.11
2157 27.11
2158 26.11
2159 25.11
2160 30.11
2161 29.11
2162 28.11
2163 27.11
2164 25.11
2165 24.11
2166 30.11
2167 29.11
2168 27.11
2169 26.11
2170 25.11
2171 24.11
2172 29.11
2173 28.11
2174 27.11
2175 26.11
2176 24.11
2177 30.11
2178 29.11
2179 28.11
2180 26.11
2181 25.11
2182 24.11
2183 30.11
2184 28.11
2185 27.11
2186 26.11
2187 25.11
2188 30.11
2189 29.11
2190 28.11
2191 27.11
2192 25.11
2193 24.11
2194 30.11
2195 29.11
2196 27.11
2197 26.11
2198 25.11
2199 24.11
2200 30.11
