1800 26.1
1801 25.1
1802 31.1
1803 30.1
1804 29.1
1805 27.1
1806 26.1
1807 25.1
1808 31.1
1809 29.1
1810 28.1
1811 27.1
1812 26.1
1813 31.1
1814 30.1
1815 29.1
1816 28.1
1817 26.1
1818 25.1
1819 31.1
1820 30.1
1821 28.1
1822 27.1
1823 26.1
1824 25.1
1825 30.1
1826 29.1
1827 28.1
1828 27.1
1829 25.1
1830 31.1
1831 30.1
1832 29.1
1833 27.1
1834 26.1
1835 25.1
1836 31.1
1837 29.1
1838 28.1
1839 27.1
1840 26.1
1841 31.1
1842 30.1
1843 29.1
1844 28.1
1845 26.1
1846 25.1
1847 31.1
1848 30.1
1849 28.1
1850 27.1
1851 26.1
1852 25.1
1853 30.1
1854 29.1
1855 28.1
1856 27.1
1857 25.1
1858 31.1
1859 30.1
1860 29.1
1861 27.1
1862 26.1
1863 25.1
1864 31.1
1865 29.1
1866 28.1
1867 27.1
1868 26.1
1869 31.1
1870 30.1
1871 29.1
1872 28.1
1873 26.1
1874 25.1
1875 31.1
1876 30.1
1877 28.1
1878 27.1
1879 26.1
1880 25.1
1881 30.1
1882 29.1
1883 28.1
1884 27.1
1885 25.1
1886 31.1
1887 30.1
1888 29.1
1889 27.1
1890 26.1
1891 25.1
1892 31.1
1893 29.1
1894 28.1
1895 27.1
1896 26.1
1897 31.1
1898 30.1
1899 29.1
1900 28.1
1901 27.1
1902 26.1
1903 25.1
1904 31.1
1905 29.1
1906 28.1
1907 27.1
1908 26.1
1909 31.1
1910 30.1
1911 29.1
1912 28.1
1913 26.1
1914 25.1
1915 31.1
1916 30.1
1917 28.1
1918 27.1
1919 26.1
1920 25.1
1921 30.1
1922 29.1
1923 28.1
1924 27.1
1925 25.1
1926 31.1
1927 30.1
1928 29.1
1929 27.1
1930 26.1
1931 25.1
1932 31.1
1933 29.1
1934 28.1
1935 27.1
1936 26.1
1937 31.1
1938 30.1
1939 29.1
1940 28.1
1941 26.1
1942 25.1
1943 31.1
1944 30.1
1945 28.1
1946 27.1
1947 26.1
1948 25.1
1949 30.1
1950 29.1
1951 28.1
1952 27.1
1953 25.1
1954 31.1
1955 30.1
1956 29.1
1957 27.1
1958 26.1
1959 25.1
1960 31.1
1961 29.1
1962 28.1
1963 27.1
1964 26.1
1965 31.1
1966 30.1
1967 29.1
1968 28.1
1969 26.1
1970 25.1
1971 31.1
1972 30.1
1973 28.1
1974 27.1
1975 26.1
1976 25.1
1977 30.1
1978 29.1
1979 28.1
1980 27.1
1981 25.1
1982 31.1
1983 30.1
1984 29.1
1985 27.1
1986 26.1
1987 25.1
1988 31.1
1989 29.1
1990 28.1
1991 27.1
1992 26.1
1993 31.1
1994 30.1
1995 29.1
1996 28.1
1997 26.1
1998 25.1
1999 31.1
2000 30.1
2001 28.1
2002 27.1
2003 26.1
2004 25.1
2005 30.1
2006 29.1
2007 28.1
2008 27.1
2009 25.1
2010 31.1
2011 30.1
2012 29.1
2013 27.1
2014 26.1
2015 25.1
2016 31.1
2017 29.1
2018 28.1
2019 27.1
2020 26.1
2021 31.1
2022 30.1
2023 29.1
2024 28.1
2025 26.1
2026 25.1
2027 31.1
2028 30.1
2029 28.1
2030 27.1
2031 26.1
2032 25.1
2033 30.1
2034 29.1
2035 28.1
2036 27.1
2037 25.1
2038 31.1
2039 30.1
2040 29.1
2041 27.1
2042 26.1
2043 25.1
2044 31.1
2045 29.1
2046 28.1
2047 27.1
2048 26.1
2049 31.1
2050 30.1
2051 29.1
2052 28.1
2053 26.1
2054 25.1
2055 31.1
2056 30.1
2057 28.1
2058 27.1
2059 26.1
2060 25.1
2061 30.1
2062 29.1
2063 28.1
2064 27.1
2065 25.1
2066 31.1
2067 30.1
2068 29.1
2069 27.1
2070 26.1
2071 25.1
2072 31.1
2073 29.1
2074 28.1
2075 27.1
2076 26.1
2077 31.1
2078 30.1
2079 29.1
2080 28.1
2081 26.1
2082 25.1
2083 31.1
2084 30.1
2085 28.1
2086 27.1
2087 26.1
2088 25.1
2089 30.1
2090 29.1
2091 28.1
2092 27.1
2093 25.1
2094 31.1
2095 30.1
2096 29.1
2097 27.1
2098 26.1
2099 25.1
2100 31.1
2101 30.1
2102 29.1
2103 28.1
2104 27.1
2105 25.1
2106 31.1
2107 30.1
2108 29.1
2109 27.1
2110 26.1
2111 25.1
2112 31.1
2113 29.1
2114 28.1
2115 27.1
2116 26.1
2117 31.1
2118 30.1
2119 29.1
2120 28.1
2121 26.1
2122 25.1
2123 31.1
2124 30.1
2125 28.1
2126 27.1
2127 26.1
2128 25.1
2129 30.1
2130 29.1
2131 28.1
2132 27.1
2133 25.1
2134 31.1
2135 30.1
2136 29.1
2137 27.1
2138 26.1
2139 25.1
2140 31.1
2141 29.1
2142 28.1
2143 27.1
2144 26.1
2145 31.1
2146 30.1
2147 29.1
2148 28.1
2149 26.1
2150 25.1
2151 31.1
2152 30.1
2153 28.1
2154 27.1
2155 26.1
2156 25.1
2157 30.1
2158 29.1
2159 28.1
2160 27.1
2161 25.1
2162 31.1
2163 30.1
2164 29.1
2165 27.1
2166 26.1
2167 25.1
2168 31.1
2169 29.1
2170 28.1
2171 27.1
2172 26.1
2173 31.1
2174 30.1
2175 29.1
2176 28.1
2177 26.1
2178 25.1
2179 31.1
2180 30.1
2181 28.1
2182 27.1
2183 26.1
2184 25.1
2185 30.1
2186 29.1
2187 28.1
2188 27.1
2189 25.1
2190 31.1
2191 30.1
2192 29.1
2193 27.1
2194 26.1
2195 25.1
2196 31.1
2197 29.1
2198 28.1
2199 27.1
2200 26.1
