1800 29.6
1801 28.6
1802 27.6
1803 26.6
1804 24.6
1805 30.6
1806 29.6
1807 28.6
1808 26.6
1809 25.6
1810 24.6
1811 30.6
1812 28.6
1813 27.6
1814 26.6
1815 25.6
1816 30.6
1817 29.6
1818 28.6
1819 27.6
1820 25.6
1821 24.6
1822 30.6
1823 29.6
1824 27.6
1825 26.6
1826 25.6
1827 24.6
1828 29.6
1829 28.6
1830 27.6
1831 26.6
1832 24.6
1833 30.6
1834 29.6
1835 28.6
1836 26.6
1837 25.6
1838 24.6
1839 30.6
1840 28.6
1841 27.6
1842 26.6
1843 25.6
1844 30.6
1845 29.6
1846 28.6
1847 27.6
1848 25.6
1849 24.6
1850 30.6
1851 29.6
1852 27.6
1853 26.6
1854 25.6
1855 24.6
1856 29.6
1857 28.6
1858 27.6
1859 26.6
1860 24.6
1861 30.6
1862 29.6
1863 28.6
1864 26.6
1865 25.6
1866 24.6
1867 30.6
1868 28.6
1869 27.6
1870 26.6
1871 25.6
1872 30.6
1873 29.6
1874 28.6
1875 27.6
1876 25.6
1877 24.6
1878 30.6
1879 29.6
1880 27.6
1881 26.6
1882 25.6
1883 24.6
1884 29.6
1885 28.6
1886 27.6
1887 26.6
1888 24.6
1889 30.6
1890 29.6
1891 28.6
1892 26.6
1893 25.6
1894 24.6
1895 30.6
1896 28.6
1897 27.6
1898 26.6
1899 25.6
1900 24.6
1901 30.6
1902 29.6
1903 28.6
1904 26.6
1905 25.6
1906 24.6
1907 30.6
1908 28.6
1909 27.6
1910 26.6
1911 25.6
1912 30.6
1913 29.6
1914 28.6
1915 27.6
1916 25.6
1917 24.6
1918 30.6
1919 29.6
1920 27.6
1921 26.6
1922 25.6
1923 24.6
1924 29.6
1925 28.6
1926 27.6
1927 26.6
1928 24.6
1929 30.6
1930 29.6
1931 28.6
1932 26.6
1933 25.6
1934 24.6
1935 30.6
1936 28.6
1937 27.6
1938 26.6
1939 25.6
1940 30.6
1941 29.6
1942 28.6
1943 27.6
1944 25.6
1945 24.6
1946 30.6
1947 29.6
1948 27.6
1949 26.6
1950 25.6
1951 24.6
1952 29.6
1953 28.6
1954 27.6
1955 26.6
1956 24.6
1957 30.6
1958 29.6
1959 28.6
1960 26.6
1961 25.6
1962 24.6
1963 30.6
1964 28.6
1965 27.6
1966 26.6
1967 25.6
1968 30.6
1969 29.6
1970 28.6
1971 27.6
1972 25.6
1973 24.6
1974 30.6
1975 29.6
1976 27.6
1977 26.6
1978 25.6
1979 24.6
1980 29.6
1981 28.6
1982 27.6
1983 26.6
1984 24.6
1985 30.6
1986 29.6
1987 28.6
1988 26.6
1989 25.6
1990 24.6
1991 30.6
1992 28.6
1993 27.6
1994 26.6
1995 25.6
1996 30.6
1997 29.6
1998 28.6
1999 27.6
2000 25.6
2001 24.6
2002 30.6
2003 29.6
2004 27.6
2005 26.6
2006 25.6
2007 24.6
2008 29.6
2009 28.6
2010 27.6
2011 26.6
2012 24.6
2013 30.6
2014 29.6
2015 28.6
2016 26.6
2017 25.6
2018 24.6
2019 30.6
2020 28.6
2021 27.6
2022 26.6
2023 25.6
2024 30.6
2025 29.6
2026 28.6
2027 27.6
2028 25.6
2029 24.6
2030 30.6
2031 29.6
2032 27.6
2033 26.6
2034 25.6
2035 24.6
2036 29.6
2037 28.6
2038 27.6
2039 26.6
2040 24.6
2041 30.6
2042 29.6
2043 28.6
2044 26.6
2045 25.6
2046 24.6
2047 30.6
2048 28.6
2049 27.6
2050 26.6
2051 25.6
2052 30.6
2053 29.6
2054 28.6
2055 27.6
2056 25.6
2057 24.6
2058 30.6
2059 29.6
2060 27.6
2061 26.6
2062 25.6
2063 24.6
2064 29.6
2065 28.6
2066 27.6
2067 26.6
2068 24.6
2069 30.6
2070 29.6
2071 28.6
2072 26.6
2073 25.6
2074 24.6
2075 30.6
2076 28.6
2077 27.6
2078 26.6
2079 25.6
2080 30.6
2081 29.6
2082 28.6
2083 27.6
2084 25.6
2085 24.6
2086 30.6
2087 29.6
2088 27.6
2089 26.6
2090 25.6
2091 24.6
2092 29.6
2093 28.6
2094 27.6
2095 26.6
2096 24.6
2097 30.6
2098 29.6
2099 28.6
2100 27.6
2101 26.6
2102 25.6
2103 24.6
2104 29.6
2105 28.6
2106 27.6
2107 26.6
2108 24.6
2109 30.6
2110 29.6
2111 28.6
2112 26.6
2113 25.6
2114 24.6
2115 30.6
2116 28.6
2117 27.6
2118 26.6
2119 25.6
2120 30.6
2121 29.6
2122 28.6
2123 27.6
2124 25.6
2125 24.6
2126 30.6
2127 29.6
2128 27.6
2129 26.6
2130 25.6
2131 24.6
2132 29.6
2133 28.6
2134 27.6
2135 26.6
2136 24.6
2137 30.6
2138 29.6
2139 28.6
2140 26.6
2141 25.6
2142 24.6
2143 30.6
2144 28.6
2145 27.6
2146 26.6
2147 25.6
2148 30.6
2149 29.6
2150 28.6
2151 27.6
2152 25.6
2153 24.6
2154 30.6
2155 29.6
2156 27.6
2157 26.6
2158 25.6
2159 24.6
2160 29.6
2161 28.6
2162 27.6
2163 26.6
2164 24.6
2165 30.6
2166 29.6
2167 28.6
2168 26.6
2169 25.6
2170 24.6
2171 30.6
2172 28.6
2173 27.6
2174 26.6
2175 25.6
2176 30.6
2177 29.6
2178 28.6
2179 27.6
2180 25.6
2181 24.6
2182 30.6
2183 29.6
2184 27.6
2185 26.6
2186 25.6
2187 24.6
2188 29.6
2189 28.6
2190 27.6
2191 26.6
2192 24.6
2193 30.6
2194 29.6
2195 28.6
2196 26.6
2197 25.6
2198 24.6
2199 30.6
2200 29.6
